ISO3	Year	Conflict Stock Displacement	Conflict Internal Displacements	Conflict Internal Displacements (Raw)	Disaster Internal Displacements (Raw)	Disaster Stock Displacement (Raw)
AB9	2024	42000	21000	20756	14570	
AFG	2024	4187000	3200	3219	1016707	1270301
AZE	2024	658000			101	
BDI	2024	6900	360	362	60035	85297
BEN	2024	13000			3679	
BFA	2024	2063000	380000	379980	4008	2824
BGD	2024	585000	2800	2755	2401634	171907
BIH	2024	95000			457	0
BRA	2024	19000	19000	19043	1124221	0
CAF	2024	469000	94000	93820	19291	0
CMR	2024	1029000	93000	93046	260933	29300
COD	2024	6215000	5333000	5333075	750244	680826
COL	2024	7265000	388000	387952	91009	0
COM	2024	11	11	11	1017	27
CYP	2024	245000			1472	13
ECU	2024	49000	101000	100719	4434	8809
ETH	2024	2378000	387000	386914	227466	756568
GEO	2024	299000			297	48582
GHA	2024	3200			1813	1779
GTM	2024	573000	550	553	80891	0
HND	2024	101000	4300	4306	20187	0
HTI	2024	1037000	889000	888684	4807	3766
IDN	2024	57000	14000	14296	516237	38555
IND	2024	525000	1700	1736	5431168	117796
IRQ	2024	1031000	23000	22947	46004	170338
ISR	2024	68000	740	743		
KEN	2024	100000	38000	38079	314433	184936
LBN	2024	985000	1056000	1055662	2375	0
LBY	2024	107000	340	336	12650	32102
LKA	2024	4800			83510	743
MDG	2024	180	180	182	59074	9686
MEX	2024	390000	26000	25543	52738	0
MLI	2024	361000	131000	130600	29542	17772
MMR	2024	3521000	1232000	1231900	525127	125958
MOZ	2024	580000	240000	240279	585268	138466
MWI	2024	880	680	677	65033	134847
NER	2024	412000	100000	99844	1172018	479880
NGA	2024	3359000	295000	295311	1244676	350015
PAK	2024	22000	3500	3523	169016	203274
PER	2024	78000			48742	5653
PHL	2024	123000	193000	193055	8996338	1035618
PNG	2024	84000	12000	11721	31164	23934
PSE	2024	2032000	3216000	3216490		
RUS	2024	171000	182000	182207	43337	2266
SDN	2024	11560000	3778000	3777679	199946	0
SEN	2024	5900			56564	
SLB	2024	11	11	11		
SLV	2024	35000	39000	38930	5462	0
SOM	2024	3136000	316000	316316	156302	733405
SRB	2024	194000			1	
SSD	2024	945000	269000	269274	423354	415164
SYR	2024	7409000	768000	768126		0
TCD	2024	383000	63000	63306	1325070	1159612
TGO	2024	18000			9	
UGA	2024	1700	1900	1851	98280	20494
UKR	2024	3665000	306000	306044	758	
XKX	2024	16000				
YEM	2024	4796000	36000	36442	492443	0
ZAF	2024	29	29	29	36481	7356
ZMB	2024	190	510	513	168579	131163
ZWE	2024	400	140	140	92290	32274
AB9	2023	42000	7900	7947	1045	4409
AFG	2023	4187000			418248	1502116
ARM	2023	7600				
AZE	2023	658000	5100	5070	1692	
BDI	2023	8100	230	226	20650	65754
BEN	2023	8800	6500	6502		
BFA	2023	2063000	713000	713417	24139	0
BGD	2023	426000			1790885	55441
BIH	2023	95000			125	
BRA	2023	16000	16000	15602	745314	15797
CAF	2023	512000	214000	214443	69991	0
CMR	2023	1044000	164000	164047	2925	30939
COD	2023	6737000	3772000	3772340	132838	147164
COL	2023	5077000	329000	329220	350653	
CYP	2023	248000			57	
ETH	2023	2852000	794000	794266	617907	880589
GEO	2023	296000			846	39372
GHA	2023	3800	680	679	46876	39333
GMB	2023	5700			5286	
GTM	2023	242000	580	575	47508	
HND	2023	101000	5100	5068	5787	
HTI	2023	311000	245000	245022	9778	2552
IDN	2023	48000	3700	3720	238456	8998
IND	2023	517000	67000	66698	528442	89906
IRQ	2023	1124000	21000	21240	36390	135498
ISR	2023	200000	203000	202736	42	
KEN	2023	38000	7700	7717	641066	130758
LBN	2023	74000	139000	139479	171	
LBY	2023	119000	1700	1702	52716	0
LKA	2023	11000			16551	1371
MEX	2023	390000	11000	11041	195864	
MKD	2023	110				
MLI	2023	344000	184000	183869	1255	8017
MMR	2023	2625000	1298000	1297900	995055	235034
MOZ	2023	592000	41000	40742	655289	115003
NCL	2023	150			2	
NER	2023	347000	181000	180614	94986	31592
NGA	2023	3340000	291000	290798	165912	80963
NIC	2023	1300	280	283	658	
PAK	2023	21000	2800	2788	731836	1215864
PER	2023	75000			187989	5026
PHL	2023	110000	161000	161407	2594639	291488
PNG	2023	84000	2000	2013	13498	7483
PSE	2023	1707000	3436000	3435904		
RUS	2023	60000	60000	60006	14862	1157
SDN	2023	9053000	6039000	6038666	58494	0
SEN	2023	8400				
SLB	2023	1000			638	638
SLV	2023	49000	66000	66000	5276	
SOM	2023	3862000	673000	673034	2043426	0
SRB	2023	194000			401	
SSD	2023	1121000	282000	282396	167489	562593
SYR	2023	7248000	174000	174420	702205	0
TCD	2023	452000	118000	118390	15606	86383
TGO	2023	18000	12000	12421		
UGA	2023	4800	640	635	50213	5151
UKR	2023	3689000	714000	713911	598	
XKX	2023	16000			1065	
YEM	2023	4516000	80000	79828	239617	0
ZAF	2023	620	620	621	20311	5984
AB9	2022	56000	56000	55750	28803	
AFG	2022	4513000	32000	32424	220387	2098730
ARM	2022	7600	7600	7600		
AZE	2022	659000		0	189	
BDI	2022	8500	600	601	12850	66805
BEN	2022	1200	1200	1231	6892	6892
BFA	2022	1882000	438000	438462	2421	
BGD	2022	426000	120	122	1523951	8595
BIH	2022	91000			78	58
BRA	2022	5600	5600	5582	708382	43814
CAF	2022	516000	290000	290408	77103	0
CIV	2022	302000			2515	
CMR	2022	987000	139000	138662	66075	23122
COD	2022	5686000	4004000	4004370	423004	283271
COG	2022	27000			41510	200864
COL	2022	4766000	391000	391099	280740	41426
CYP	2022	246000			54	
ETH	2022	3852000	2032000	2032268	872536	716767
GEO	2022	293000			434	31100
GMB	2022	5600	7800	7830	7000	
GTM	2022	242000	5	5	74406	7918
HND	2022	247000	260	255	46346	3872
HTI	2022	171000	106000	106089	14573	23677
IDN	2022	33000	7600	7565	307985	67805
IND	2022	498000	1000	1005	2507107	31885
IRQ	2022	1169000	32000	32330	50514	68670
ISR	2022		1100	1105		
KAZ	2022	120	120	115	3957	14
KEN	2022	30000	15000	15382	317506	373350
KGZ	2022	4000	166000	166329	1696	4
LBY	2022	135000	360	364		
LKA	2022	11000			10900	23
MEX	2022	386000	9200	9223	10566	3634
MKD	2022	110				
MLI	2022	380000	154000	153990	23957	32455
MMR	2022	1498000	1006000	1006395	13144	2956
MOZ	2022	1030000	286000	286319	112626	127336
MYT	2022	8				
NCL	2022	150			170	
NER	2022	372000	101000	100997	247574	5102
NGA	2022	3646000	148000	148348	2437411	853980
NIC	2022	1100			16000	11
PAK	2022	16000	680	680	8168491	1024977
PER	2022	73000			23679	28705
PHL	2022	98000	123000	122507	5453194	533449
PNG	2022	83000	60000	60345	9626	186
PSE	2022	12000	1800	1794	254	
RUS	2022	7200	7100	7054	2712	28
SDN	2022	3553000	314000	313683	104816	226769
SEN	2022	8400			12089	459
SLB	2022	1000			11	11
SLV	2022	52000	73000	72757	4644	
SOM	2022	3864000	621000	621371	1151659	
SRB	2022	195000			1	
SSD	2022	1475000	337000	336694	596154	665251
SYR	2022	6865000	171000	170916	21010	0
TCD	2022	300000	80000	80247	158000	
TGO	2022	2300	2300	2289	16467	4668
UGA	2022	4500	2000	1974	33618	34120
UKR	2022	5914000	16870000	16870323	1	
XKX	2022	16000			116	
YEM	2022	4523000	276000	275814	171311	
AB9	2021	15000	600	600		
AFG	2021	4314000	723000	723082	25046	1389521
ARM	2021	800				
AZE	2021	655000				
BDI	2021	19000	94	94	64078	94325
BEN	2021	2700			10000	
BFA	2021	1580000	682000	682245		
BGD	2021	426000			98770	41950
BIH	2021	92000			314	
BRA	2021	21000	21000	21468	448900	26018
CAF	2021	692000	487000	487025	23589	36255
CIV	2021	302000				
CMR	2021	909000	131000	131452	1764	27806
COD	2021	5339000	2712000	2711783	888136	201000
COG	2021	134000			6653	101
COL	2021	5235000	134000	133848	31708	1420
CYP	2021	242000			59	59
ETH	2021	3589000	5142000	5142356	240020	579092
GEO	2021	290000			85	28220
GMB	2021		700	696	2420	
GTM	2021	242000	130	130	15581	22330
HND	2021	247000	550	549	262	30
HTI	2021	17000	20000	20410	220304	219745
IDN	2021	99000	27000	26580	749418	155061
IND	2021	506000	13000	13042	4903210	21864
IRQ	2021	1187000	57000	56891	9434	19974
ISR	2021		3200	3187	3859	
KEN	2021	190000	4600	4634	36442	54320
KGZ	2021		46000	46268	116	
LBN	2021	50	61	61	846	
LBY	2021	160000			1234	
LKA	2021	11000			121119	33
MDG	2021	1300	1300	1295	20838	62405
MEX	2021	379000	29000	28867	18688	23
MKD	2021	110			80	
MLI	2021	326000	249000	249174	5994	23975
MMR	2021	649000	448000	447818	158219	1435
MOZ	2021	735000	187000	187057	43512	138024
MYT	2021	8	8	8		
NCL	2021	150	13	13	5496	
NER	2021	224000	110000	110203	124847	40241
NGA	2021	3228000	376000	375552	23993	107058
NIC	2021	1100				
PAK	2021	104000			69721	69721
PER	2021	60000			3509	
PHL	2021	108000	140000	140145	5713819	700039
PSE	2021	12000	118000	118211		
RUS	2021	470			5622	132
SDN	2021	3175000	442000	442427	98656	85476
SEN	2021	8400			1322	
SLB	2021	1000	1000	1000	5	
SLE	2021	2500				
SLV	2021		175000	175254	551	
SOM	2021	2968000	549000	548884	271305	
SSD	2021	1369000	429000	429432	505544	526975
SYR	2021	6662000	456000	455540	87587	
TCD	2021	397000	42000	42355	24144	24218
THA	2021	520	520	520	9405	3010
TJK	2021		15000	15000	1167	778
UGA	2021	1600	1300	1278	46690	25103
UKR	2021	854000	40	40	1997	12
XKX	2021	16000			70	
YEM	2021	4289000	377000	376663	84408	10836
ZAF	2021		520	519	10296	7840
AB9	2020	19000	4700	4742		
AFG	2020	3547000	404000	404139	48872	1213620
ARM	2020	800	800	800		2670
AZE	2020	735000	84000	83997		
BDI	2020	22000	310	310	51525	75866
BEN	2020	3500			7020	2549
BFA	2020	1075000	515000	514960	19747	19747
BGD	2020	426000	210	210	4443088	343773
BIH	2020	99000			905	
CAF	2020	682000	318000	317619	15025	4242
CIV	2020	308000	15000	14670	1865	70
CMR	2020	1003000	123000	122643	115982	29956
COD	2020	5268000	2209000	2208890	279156	
COG	2020	134000				
COL	2020	4922000	106000	105805	63565	20626
CYP	2020	228000				
EGY	2020	3200	1000	1000	8434	8434
ETH	2020	2060000	1692000	1691655	663965	633084
GEO	2020	289000			160	10
GTM	2020	242000			339036	
HND	2020	247000			937283	
HTI	2020	7900	7900	7946	13207	808
IDN	2020	65000	4600	4599	704513	160396
IND	2020	473000	3900	3922	3856213	933471
IRQ	2020	1224000	67000	67162	1233	
ISR	2020		3000	3028	10394	70
KEN	2020	190000	3900	3910	335016	203938
KGZ	2020	770	250	254		
LBN	2020	7000				
LBY	2020	278000	39000	39225		
LKA	2020	26000			19363	1702
MEX	2020	357000	9700	9741	102847	99256
MKD	2020	140				
MLI	2020	326000	277000	276690	7397	6659
MMR	2020	505000	70000	70194	49547	4620
MOZ	2020	676000	592000	592037	48161	99938
NCL	2020	140	140	140	31	
NER	2020	257000	136000	135717	275906	266783
NGA	2020	2730000	169000	168556	279157	143110
NIC	2020	77	77	77	392491	9106
PAK	2020	98000	160	161	828524	806274
PER	2020	60000			8467	6764
PHL	2020	153000	111000	110622	4449771	135207
PNG	2020	13000			3894	2663
PSE	2020	131000	1000	1001	102	10
RUS	2020	1100			248	125
SDN	2020	2276000	79000	79399	453574	453574
SEN	2020	8400			3285	2000
SLE	2020	2500				
SLV	2020		114000	114026	16775	62
SOM	2020	2968000	293000	292518	1036701	77505
SRB	2020	197000			878	
SSD	2020	1436000	271000	271149	442882	106329
SYR	2020	6568000	1822000	1821973	25000	
TCD	2020	342000	79000	79124	71431	675
UGA	2020	1000	79	79	70410	32593
UKR	2020	734000	74	74	2030	237
XKX	2020	16000				
YEM	2020	3635000	143000	142884	222948	222810
AB9	2019	31000			40000	26000
AFG	2019	2993000	461000	460692	116768	1198137
AZE	2019	651000			136	136
BDI	2019	23000	530	533	27066	11608
BEN	2019	3500			5000	
BFA	2019	560000	513000	513004		
BGD	2019	426000	29	29	4083940	88199
BIH	2019	99000			274	
BOL	2019	31	31	31	76750	1928
CAF	2019	592000	96000	95981	101838	95000
CIV	2019	302000	300	300	718	440
CMR	2019	969000	67000	66569	23719	28264
COD	2019	5512000	1672000	1671769	236723	164504
COG	2019	134000	2	2	166244	106522
COL	2019	5576000	139000	139065	36027	1575
CYP	2019	228000				
EGY	2019	3200	4	4		
ETH	2019	1324000	1052000	1051728	504367	389960
GEO	2019	286000				
GHA	2019		2000	2035	15964	14515
GTM	2019	242000			20906	1315
HND	2019	247000			386	
HTI	2019	2100	2100	2128	1202	50986
IDN	2019	29000	23000	23396	462646	104328
IND	2019	470000	12000	12289	5017722	125586
IRQ	2019	1533000	104000	103764	37252	325
ISR	2019		2300	2293	1233	210
KEN	2019	162000	1800	1838	73825	1373
KGZ	2019	770	770	770		
LBN	2019	7000			4293	187
LBY	2019	411000	215000	215240	4625	
LKA	2019	26000	1700	1700	87006	4662
MEX	2019	347000	8700	8664	18286	
MKD	2019	140				
MLI	2019	208000	284000	284025	6633	5373
MMR	2019	457000	80000	79652	270014	40514
MOZ	2019	95000	5300	5288	505899	125762
NER	2019	195000	56000	56048	120935	120935
NGA	2019	2583000	248000	247713	157003	147979
PAK	2019	101000	15000	14800	100082	15353
PER	2019	60000	35	35	10292	5829
PHL	2019	180000	183000	183273	4495400	180681
PNG	2019	14000	1300	1279	30994	11408
PSE	2019	243000	1500	1516	2	
RUS	2019	1800			11697	3462
SDN	2019	2134000	84000	83819	272443	272443
SEN	2019	8400			4438	138
SLE	2019	5500	2500	2500	5318	2528
SLV	2019		454000	453706	1884	
SOM	2019	2648000	188000	188229	475308	649
SSD	2019	1352000	259000	258598	294325	232879
SYR	2019	6495000	1847000	1847140	17100	120850
TCD	2019	176000	58000	58293	30387	26684
THA	2019	41000			61352	448
TUR	2019	2000	2000	2000	540	107
UGA	2019	32000	2300	2317	90283	1059
UKR	2019	730000	60	60		
XKX	2019	16000				
YEM	2019	3635000	398000	398412	31358	379
ZAF	2019		2300	2341	5125	119
AB9	2018	31000	150	150	2	
AFG	2018	2598000	372000	371779	435446	
AZE	2018	644000			390	
BDI	2018	32000	5100	5054	35751	
BEN	2018	3500	3500	3494	22562	
BFA	2018	47000	42000	42118	5112	
BGD	2018	426000	300	300	77788	
BIH	2018	99000				
CAF	2018	641000	510000	509687	9279	
CIV	2018	302000	700	700	3171	
CMR	2018	668000	459000	458607		
COD	2018	3081000	1840000	1839616	81394	
COG	2018	107000				
COL	2018	5761000	145000	145287	67306	
CYP	2018	228000			8	
ECU	2018		420	423	4223	
EGY	2018	3200	15000	15170	8	
ETH	2018	2137000	2895000	2894841	295784	
GEO	2018	278000			308	
GHA	2018	5000	5000	5000	61237	
GTM	2018	242000			26753	
HND	2018	190000	950	950	17481	
IDN	2018	13000	4500	4477	853155	
IND	2018	479000	169000	169172	2675414	
IRQ	2018	1962000	150000	150222	64247	
ISR	2018		2100	2114	80	
KEN	2018	162000	10000	9978	336268	
LBN	2018	11000				
LBY	2018	187000	70000	70305		
LKA	2018	37000	1100	1138	113025	
MDG	2018	2000	1700	1668	77205	
MEX	2018	341000	11000	11491	20282	
MKD	2018	140			50	
MLI	2018	120000	126000	125917	19397	
MMR	2018	401000	42000	42434	298023	
MOZ	2018	14000	3800	3791	31136	
NER	2018	156000	52000	52000	40387	
NGA	2018	2243000	541000	541464	613308	
PAK	2018	117000	1700	1749	1926	
PER	2018	59000			8560	
PHL	2018	301000	188000	188314	3801620	
PNG	2018	12000		0	61028	
PSE	2018	238000	490	490		
RUS	2018	2300			3574	
SDN	2018	2072000	41000	40795	120756	
SEN	2018	18000			2	
SLE	2018	3000	3000	3000		
SLV	2018		246000	246311	4664	
SOM	2018	2648000	578000	578170	547050	
SSD	2018	1869000	321000	321303	6622	
SYR	2018	6119000	1649000	1649476	26684	
TCD	2018	90000			2000	
THA	2018	41000			4648	
TUR	2018	144000			635	
UGA	2018	32000	9000	9040	164490	
UKR	2018	800000	12000	12162		
XKX	2018	16000				
YEM	2018	2324000	252000	251964	22206	
AB9	2017	31000				
AFG	2017	1286000	474000	473892	26871	
AZE	2017	643000		0		
BDI	2017	57000	14000	13630	10952	
BFA	2017	4900	4900	4911	8217	
BGD	2017	432000	6000	6000	946119	
BIH	2017	99000				
CAF	2017	689000	539000	539438	2868	
CIV	2017	302000	5500	5483		
CMR	2017	239000	119000	119377		
COD	2017	4480000	2166000	2165767	27381	
COG	2017	108000	86000	85828		
COL	2017	6509000	139000	139359	25161	
CYP	2017	217000				
EGY	2017	36000	1800	1845		
ETH	2017	1078000	725000	724813	434175	
GEO	2017	233000				
GMB	2017		162000	162342	878	
GTM	2017	242000	1200	1197	44811	
HND	2017	190000				
IDN	2017	9500	2700	2690	375393	
IND	2017	826000	78000	78136	1345994	
IRQ	2017	2616000	1379000	1379499	3933	
ISR	2017		2900	2863		
KEN	2017	159000	27000	27467	35424	
LBN	2017	11000	200	200		
LBY	2017	197000	29000	29318		
LKA	2017	42000			135038	
MEX	2017	330000	20000	20160	194994	
MKD	2017	140				
MLI	2017	38000	35000	35131	6848	
MMR	2017	635000	57000	56967	351436	
MOZ	2017	10000	130	126	170064	
NER	2017	144000	40000	39766	188500	
NGA	2017	1702000	279000	279427	122006	
NPL	2017	2	2	2	383904	
PAK	2017	249000	75000	75137	1750	
PER	2017	59000			295015	
PHL	2017	445000	666000	666412	2528620	
PNG	2017	12000			1387	
PSE	2017	231000	700	700	77	
RUS	2017	19000			7119	
SDN	2017	2072000	17000	17218	54104	
SEN	2017	22000			628	
SLV	2017		296000	295897	389	
SOM	2017	825000	388000	387558	892271	
SSD	2017	1899000	857000	856769	74725	
SYR	2017	6784000	2911000	2911272	2280	
TCD	2017	158000	5800	5776		
TGO	2017		2700	2655	50	
THA	2017	41000			50371	
TUR	2017	159000				
UGA	2017	24000	1300	1343	95070	
UKR	2017	800000	21000	21415		
XKX	2017	16000				
YEM	2017	2014000	160000	160178	13	
AB9	2016	20000				
AFG	2016	1200000	653000	652594	7394	
ARM	2016	8400				
AZE	2016	582000				
BDI	2016	59000	16000	16213	6556	
BFA	2016	700	700	700	16325	
BGD	2016	426000			613710	
BIH	2016	98000				
CAF	2016	412000	46000	46205	7464	
CIV	2016	301000				
CMR	2016	177000	83000	82981		
COD	2016	2230000	922000	922100	130211	
COG	2016	25000	25000	25303		
COL	2016	7246000	171000	170946	30839	
CYP	2016	272000			40	
DZA	2016	2500	2800	2800	2030	
EGY	2016	9100			820	
ETH	2016	258000	296000	296429	347156	
GEO	2016	229000				
GTM	2016	257000	6200	6174	1702	
HND	2016	190000	16000	16000	890	
IDN	2016	6700			1204487	
IND	2016	796000	448000	448400	2400307	
IRQ	2016	3035000	659000	658614		
ISR	2016		1800	1750	75210	
KEN	2016	138000			49452	
LBN	2016	12000	110	108		
LBY	2016	304000	156000	156307		
LKA	2016	44000			500200	
MEX	2016	311000	23000	23169	11953	
MKD	2016	150				
MLI	2016	37000	6300	6293	8025	
MMR	2016	644000	32000	32000	509238	
MOZ	2016	15000	15000	15128	7009	
NER	2016	136000	166000	166012	46000	
NGA	2016	1955000	501000	501160	77733	
NPL	2016	50000			31338	
PAK	2016	464000	2400	2356	12673	
PER	2016	62000			16990	
PHL	2016	87000	280000	279870	5929853	
PNG	2016	8400	290	290	1630	
PSE	2016	193000	1600	1601	510	
RUS	2016	19000			3631	
SDN	2016	3300000	97000	97481	122738	
SEN	2016	24000			24192	
SLV	2016		220000	219724	475	
SOM	2016	1107000	175000	175000	70000	
SSD	2016	1847000	281000	281229		
SYR	2016	6326000	2148000	2148498		
TCD	2016	108000	36000	36278	5650	
TGO	2016	1500				
THA	2016	35000			90025	
TUR	2016	154000	204000	204000	200	
UGA	2016	53000	23000	23000	2494	
UKR	2016	1653000	109000	108921	126	
XKX	2016	17000			10	
YEM	2016	1974000	478000	477747	44942	
AB9	2015	82000		0		
AFG	2015	1174000	335000	335409	70948	
ARM	2015	8400		0		
AZE	2015	564000		0		
BDI	2015	99000	23000	22844	3077	
BGD	2015	426000		0	531099	
BIH	2015	98000		0	320	
CAF	2015	452000	210000	209793	1109	
CIV	2015	303000	3200	3150		
CMR	2015	124000	71000	70539	11275	
COD	2015	1500000	621000	621000	106488	
COG	2015	7800		0		
COL	2015	6270000	224000	224324	4649	
CYP	2015	272000		0		
EGY	2015	9100	8400	8421	100	
ETH	2015	450000	56000	55835	104011	
GEO	2015	239000		0	1234	
GTM	2015	251000		0	2866	
HND	2015	174000		0	2006	
IDN	2015	6100	150	153	203913	
IND	2015	612000	1000	1000	3654637	
IRQ	2015	3290000	1114000	1113546	22500	
KEN	2015	309000		0	105084	
LBN	2015	12000	3000	3000	106	
LBY	2015	500000	100000	100000		
LKA	2015	44000		0	65562	
MEX	2015	287000	6000	6000	90534	
MKD	2015	200		0		
MLI	2015	50000		0	400	
MMR	2015	644000	16000	16000	1618261	
NER	2015	153000	47000	46988	38321	
NGA	2015	2096000	737000	736671	100420	
NPL	2015	50000		0	2622828	
PAK	2015	1459000		0	1001665	
PER	2015	60000		0	8410	
PHL	2015	62000	288000	287970	2221158	
PNG	2015	6300		0		
PSE	2015	221000	740	741	10000	
RUS	2015	27000		0	6600	
SDN	2015	3182000	144000	143760	8311	
SEN	2015	24000		0		
SLV	2015		170000	170105	1982	
SOM	2015	1223000	90000	90000	58885	
SSD	2015	1697000	199000	198762	15000	
SYR	2015	6600000	1300000	1300000		
TCD	2015	107000	36000	36157		
TGO	2015	3000		0	5000	
THA	2015	35000		0	237	
TUR	2015	954000		0	1500	
UGA	2015	30000		0	600	
UKR	2015	1679000	942000	942418		
XKX	2015	17000		0		
YEM	2015	2509000	2175000	2174968	82896	
AB9	2014	20000		0		
AFG	2014	805000	156000	156193	13125	
ARM	2014	8400		0		
AZE	2014	569000		0		
BDI	2014	78000		0	12500	
BGD	2014	426000		0	543000	
BIH	2014	100000		0	90621	
CAF	2014	438000	173000	172700	944	
CIV	2014	301000	5500	5500	4500	
CMR	2014	40000	40000	40000	3500	
COD	2014	2757000	1003000	1003400	24103	
COG	2014	7800		0		
COL	2014	6044000	137000	137214	20295	
CYP	2014	212000		0		
EGY	2014	4100	4700	4740	200	
ERI	2014	10000		0		
ETH	2014	397000	137000	137073	49412	
GEO	2014	233000		0	120	
GTM	2014	249000	1400	1400	10421	
HND	2014	29000		0	2500	
IDN	2014	84000	800	800	943059	
IND	2014	854000	345000	345000	3427618	
IRQ	2014	3276000	2177000	2176764		
ISR	2014		10000	10000	700	
KEN	2014	309000	220000	220177	1368	
LBN	2014	20000		0	1346	
LBR	2014	23000		0	650	
LBY	2014	400000	341000	340600		
LKA	2014	90000		0	151800	
MEX	2014	281000	9000	9024	18300	
MKD	2014	220		0		
MLI	2014	62000	19000	19200		
MMR	2014	645000	6200	6200	81032	
NER	2014	11000		0	47484	
NGA	2014	1075000	975000	975300	3002	
NPL	2014	50000		0	74400	
PAK	2014	1900000	907000	907000	770577	
PER	2014	150000		0	952	
PHL	2014	78000	124000	123800	5786981	
PNG	2014	7500	1200	1200	21144	
PSE	2014	275000	501000	501000	200	
RUS	2014	25000		0	22857	
SDN	2014	3100000	558000	557500	187000	
SEN	2014	24000		0		
SLV	2014		191000	191205	22	
SOM	2014	1107000	89000	89000	36065	
SRB	2014	97000		0	33237	
SSD	2014	1498000	1304000	1304200	112341	
SYR	2014	7600000	1100000	1100000	2338	
TCD	2014	71000		0	9888	
TGO	2014	10000		0		
THA	2014	35000		0	27155	
TKM	2014	4000		0		
TLS	2014	900	2100	2086	2329	
TUR	2014	954000		0	478	
UGA	2014	30000		0	50106	
UKR	2014	646000	646000	646500		
UZB	2014	3400		0		
XKX	2014	17000		0		
YEM	2014	334000	100000	100000		
AFG	2013	631000	124000	124000	15170	
ARM	2013	8400		0		
AZE	2013	543000		0		
BDI	2013	79000		0		
BGD	2013	426000		0	1159829	
BIH	2013	103000		0		
CAF	2013	935000	935000	935000	14465	
CIV	2013	80000	30000	29500	78	
COD	2013	2964000	1000000	1000000	3816	
COG	2013	7800		0		
COL	2013	5700000	157000	156918	11410	
CYP	2013	212000		0		
ERI	2013	10000		0	102	
ETH	2013	316000	179000	178800	61486	
GEO	2013	207000		0	1525	
GTM	2013	242000		0	80	
IDN	2013	90000	3000	3000	427422	
IND	2013	526000	64000	64000	2144671	
IRQ	2013	2100000	12000	11800	7873	
KEN	2013	412000	55000	55000	180282	
LBN	2013	20000		0		
LBR	2013	23000	10000	10000		
LBY	2013	59000		0	3000	
LKA	2013	90000		0	324236	
MEX	2013	160000	20000	20000	158330	
MKD	2013	330		0	1636	
MLI	2013	218000	123000	123000	23500	
MMR	2013	641000	54000	53946	223000	
NER	2013	11000		0	200961	
NGA	2013	3300000	470000	470500	117420	
NPL	2013	50000		0	12474	
PAK	2013	747000	140000	140000	407436	
PER	2013	150000		0	27827	
PHL	2013	116000	327000	327351	7022195	
PSE	2013	146000	1100	1100	10650	
RUS	2013	35000		0	29198	
SDN	2013	2427000	470000	470000	283646	
SEN	2013	24000		0	13300	
SOM	2013	1100000	80000	80000	59500	
SRB	2013	97000		0	194	
SSD	2013	383000	383000	383000	115783	
SYR	2013	6500000	3500000	3500000		
TCD	2013	90000		0	88199	
TGO	2013	10000		0	117	
THA	2013	35000	100	100	13282	
TKM	2013	4000		0		
TLS	2013	900		0	1291	
TUR	2013	954000		0		
UGA	2013	30000		0	30219	
UZB	2013	3400		0		
XKX	2013	17000		0	1000	
YEM	2013	307000	20000	20000	10316	
AFG	2012	492000	100000	100400	29519	
ARM	2012	8400		0		
AZE	2012	600000		0	36000	
BDI	2012	79000		0		
BGD	2012	426000	5000	5000	650788	
BIH	2012	103000		0	0	
CAF	2012	132000	106000	106000	17570	
CIV	2012	80000	24000	24000		
COD	2012	2700000	1000000	1000000	23000	
COG	2012	7800		0		
COL	2012	5455000	230000	230000	71200	
CYP	2012	210000		0		
ERI	2012	10000		0		
ETH	2012	350000		0	20118	
GEO	2012	280000		0	0	
IDN	2012	170000	5000	5000	103831	
IND	2012	1000000	500000	500000	9110000	
IRQ	2012	2100000		0		
KEN	2012	300000	118000	118000	97626	
KGZ	2012	164000		0		
LBN	2012	45000		0		
LBR	2012	23000		0		
LBY	2012	50000		0		
LKA	2012	93000		0	129092	
MEX	2012	162000		0	6500	
MKD	2012	620		0		
MLI	2012	230000	227000	227000	9000	
MMR	2012	450000	166000	166000	73840	
NER	2012	11000		0	540000	
NGA	2012		63000	63000	3894063	
NPL	2012	50000		0	600	
PAK	2012	758000	412000	412000	1856570	
PER	2012	150000		0	183951	
PHL	2012		178000	178000	3858596	
PSE	2012	144000	12000	12000	1200	
RUS	2012	29000		0	31875	
SDN	2012	3000000	500000	500000	84000	
SEN	2012	22000	170	168	20000	
SOM	2012	1350000	185000	185000	28000	
SRB	2012	225000		0		
SSD	2012	350000	190000	190473	340000	
SYR	2012	3000000	2400000	2400000		
TCD	2012	90000		0	500000	
TGO	2012	10000				
THA	2012	35000		0	3400	
TKM	2012	4000		0		
TLS	2012	900		0		
TUR	2012	1000000	200	200	0	
UGA	2012	30000		0	216	
UZB	2012	3400		0		
XKX	2012	18000		0		
YEM	2012	385000	132000	132000		
ZWE	2012		280	280		
AFG	2011	450000	186000	186000	3000	
ARM	2011	8400		0		
AZE	2011	599000		0		
BDI	2011	79000		0	0	
BGD	2011	426000	600	600	400000	
BIH	2011	113000		0		
CAF	2011	105000	22000	22180	0	
CIV	2011	247000	1000000	1000000		
COD	2011	1710000	168000	168000	11600	
COG	2011	7800		0		
COL	2011	5281000	103000	102956	149000	
CYP	2011	208000		0		
ERI	2011	10000		0		
ETH	2011	350000	50000	50000		
GEO	2011	270000		0	0	
HRV	2011	2100		0		
IDN	2011	180000	15000	15000	7442	
IND	2011	650000	53000	53000	1503320	
IRQ	2011	2600000	8000	8000	2000	
ISR	2011		480	484		
KEN	2011	250000	50000	50000	19045	
KGZ	2011	67000		0	0	
LBN	2011	47000		0		
LBR	2011	23000		0		
LBY	2011	154000	498000	498000		
LKA	2011	125000		0	684884	
MEX	2011	162000	26000	26500	546795	
MKD	2011	640		0		
MMR	2011	450000	50000	50000	13152	
NER	2011	11000		0	28175	
NGA	2011		65000	65000	6300	
NPL	2011	50000		0	46476	
PAK	2011	900000	190000	190000	300000	
PER	2011	150000		0	2747	
PHL	2011	46000	97000	97000	2499241	
PSE	2011	160000	1100	1100		
SDN	2011	2200000	115000	115000	18804	
SEN	2011	24000		0	1640	
SOM	2011	1459000	100000	100000		
SRB	2011	225000		0		
SSD	2011	350000	350000	350000		
SYR	2011	600000	156000	156000		
TCD	2011	126000		0		
TGO	2011	10000		0		
THA	2011	35000	50000	50000	1644965	
TKM	2011	4000		0		
TLS	2011	900	1000	1000		
TUR	2011	1000000		0	252000	
UGA	2011	30000		0	6400	
UZB	2011	3400		0	0	
XKX	2011	18000		0		
YEM	2011	464000	175000	175000		
AFG	2010	352000	102000	102000	71000	
ARM	2010	8400		0		
AZE	2010	593000		0	31665	
BDI	2010	100000		0	1500	
BGD	2010	426000	3500	3500	569000	
BIH	2010	113000		0	0	
CAF	2010	192000	24000	24000	0	
CIV	2010	522000	2700	2736	0	
COD	2010	1700000	400000	400000	98230	
COG	2010	7800		0		
COL	2010	5196000	280000	280041	3000000	
CYP	2010	208000		0		
ERI	2010	10000		0		
ETH	2010	300000		0	10000	
GEO	2010	257000		0		
HRV	2010	2300		0	0	
IDN	2010	200000	35000	35000	409387	
IND	2010	650000	106000	106500	1411285	
IRQ	2010	2800000		0		
KEN	2010	250000		0	53786	
KGZ	2010	75000	300000	300000	0	
LAO	2010		4400	4400		
LBN	2010	75000		0		
LBR	2010	23000		0	0	
LKA	2010	327000		0	141414	
MEX	2010	123000	115000	115000	900300	
MKD	2010	640		0		
MMR	2010	446000	73000	73000	105993	
NER	2010	11000		0	205355	
NGA	2010		5000	5000	560000	
NPL	2010	50000		0	0	
PAK	2010	980000	400000	400000	11060000	
PER	2010	150000		0	10000	
PHL	2010	15000	70000	70000	1001991	
PSE	2010	160000	600	600	500	
RUS	2010	78000		0	22950	
SDN	2010	4800000	490000	490000	20000	
SEN	2010	24000	4000	4000	7802	
SOM	2010	1500000	300000	300000	5200	
SRB	2010	225000		0	4470	
SYR	2010	433000		0		
TCD	2010	171000		0	70000	
TGO	2010	10000		0	50000	
TKM	2010	4000		0		
TLS	2010	400		0		
TUR	2010	1000000		0	200	
UGA	2010	166000		0	0	
UZB	2010	3400		0		
XKX	2010	18000		0		
YEM	2010	226000	176000	176000	1000	
AFG	2009	297000		0	28435	
ARM	2009	8400		0		
AZE	2009	586000		0	200	
BDI	2009	100000		0	0	
BGD	2009	426000	5000	5000	1342000	
BIH	2009	114000		0	0	
CAF	2009	162000	15000	15000	14835	
CIV	2009	342000	500	500	10000	
COD	2009	1900000	1000000	1000000	125	
COG	2009	7800		0		
COL	2009	4916000	286000	286389	9093	
CYP	2009	201000		0		
ERI	2009	10000		0		
ETH	2009	350000	200000	200000		
GEO	2009	240000		0	0	
HRV	2009	2400		0		
IDN	2009	70000	500	500	853990	
IND	2009	500000	33000	33000	5304000	
IRQ	2009	2764000		0	0	
KEN	2009	250000		0	91686	
LBN	2009	90000		0		
LBR	2009	23000		0	0	
LKA	2009	400000	280000	280000	362885	
MEX	2009	8000		0	375000	
MKD	2009	640		0		
MMR	2009	470000	75000	75000	2521	
NER	2009	11000		0	5560	
NGA	2009		5000	5000	140000	
NPL	2009	60000	5000	5000	18300	
PAK	2009	1230000	3000000	3000000	84290	
PER	2009	150000		0	45975	
PHL	2009	125000	400000	400000	2062402	
PSE	2009	160000	100000	100000		
RUS	2009	80000		0		
SDN	2009	4900000	530000	530000	80000	
SEN	2009	24000	1000	1000	264000	
SOM	2009	1500000	400000	400000	0	
SRB	2009	225000		0	0	
SYR	2009	433000		0		
TCD	2009	168000		0	5795	
TGO	2009	10000		0		
TKM	2009	4000		0		
TLS	2009	400	100	100		
TUR	2009	1000000		0	20000	
UGA	2009	435000		0		
UZB	2009	3400		0		
XKX	2009	20000		0		
YEM	2009	175000	150000	150000		
ZWE	2009		15000	15000		